5560552	2.00
2440345	1.00
2260168	3.00
2248688	2.50
487988	1.50
483848	0.00
396024	3.50
363864	4.00
133164	4.50
82089	5.00
40626	6.00
33783	5.50
13759	7.00
12584	8.00
9055	6.50
6777	12.00
5643	9.00
5133	1.30
4104	
3945	10.00
3036	2.30
2798	7.50
2078	15.00
1948	18.00
1849	11.00
1778	36.00
1674	14.00
1604	24.00
1511	16.00
1443	28.00
1386	13.00
1276	20.00
1123	21.00
951	8.50
859	30.00
782	17.00
751	25.00
663	3.30
552	26.00
524	27.00
521	0.50
511	19.00
484	23.00
455	32.00
436	9.50
431	22.00
407	42.00
381	40.00
359	35.00
350	33.00
342	38.00
339	31.00
334	29.00
330	48.00
302	41.00
288	37.00
265	34.00
237	44.00
237	39.00
192	45.00
178	46.00
164	62.00
161	60.00
148	52.00
136	50.00
133	53.00
128	47.00
122	43.00
116	49.00
110	251.00
109	72.00
104	56.00
102	55.00
100	54.00
99	84.00
95	117.00
88	64.00
86	58.00
84	70.00
82	12.50
79	98.00
72	209.00
70	73.00
69	57.00
68	51.00
67	62.50
67	59.00
65	80.00
64	61.00
62	4.30
59	63.00
58	100.00
55	0.30
54	17.50
51	79.00
51	69.00
50	16.50
49	110.00
46	65.00
45	78.00
45	320.00
44	208.00
41	66.00
41	166.00
41	138.00
41	11.50
38	221.00
37	75.00
37	112.00
36	86.00
36	128.00
35	71.00
34	3.80
33	87.00
33	85.00
30	68.00
30	22.50
30	10.50
29	96.00
29	77.00
29	130.00
29	105.00
28	74.00
28	198.00
28	14.50
27	67.00
26	83.00
26	338.00
26	227.00
26	132.00
26	13.50
25	94.00
25	76.00
25	123.00
24	92.00
24	81.00
23	108.00
22	30.50
22	140.00
21	90.00
21	82.00
21	24.50
21	104.00
21	101.00
20	268.00
20	176.00
20	172.00
20	152.00
19	93.00
19	5.30
19	43.50
19	330.00
19	150.00
19	116.00
18	97.00
18	91.00
18	9.75
18	88.00
18	168.00
18	134.00
17	247.00
17	137.00
17	120.00
16	142.00
16	102.00
16	1.25
15	210.00
15	200.00
15	190.00
15	169.00
14	491.00
14	420.00
14	19.50
14	161.00
13	304.00
13	3.75
13	162.00
12	81.50
12	65.50
12	55.50
12	500.00
12	385.00
12	27.50
12	20.50
12	187.00
12	163.00
12	114.00
12	106.00
11	89.00
11	60.50
11	48.50
11	394.00
11	26.50
11	2.25
11	147.00
11	126.00
11	115.00
11	103.00
11	1.05
10	514.00
10	261.00
10	25.50
10	244.00
10	231.00
10	2.75
10	127.00
10	119.00
10	111.00
10	0.25
9	99.00
9	96.50
9	95.50
9	9.90
9	71.50
9	4.80
9	37.50
9	357.50
9	29.50
9	235.00
9	164.00
9	148.00
9	121.00
9	109.00
8	64.50
8	555.50
8	548.00
8	51.50
8	411.00
8	36.50
8	291.00
8	250.00
8	232.00
8	226.00
8	220.00
8	216.00
8	196.00
8	184.00
8	152.50
8	151.00
8	145.00
8	131.00
7	77.50
7	551.00
7	462.00
7	452.00
7	422.00
7	399.00
7	354.00
7	242.00
7	2.05
7	178.00
7	158.00
7	139.00
7	107.00
7	1.75
6	94.50
6	442.00
6	280.00
6	28.50
6	276.00
6	256.00
6	207.00
6	195.00
6	185.00
6	170.00
6	122.00
5	9.99
5	762.00
5	76.50
5	605.00
5	57.50
5	49.50
5	481.00
5	460.00
5	362.00
5	312.00
5	303.00
5	266.00
5	259.00
5	245.00
5	23.50
5	180.00
5	177.00
5	159.00
5	15.50
5	118.00
4	558.00
4	44.50
4	418.00
4	39.50
4	288.00
4	284.00
4	277.00
4	224.00
4	181.00
4	149.00
4	141.00
4	140.50
4	136.00
4	113.00
3	608.00
3	544.00
3	52.50
3	47.50
3	469.00
3	449.00
3	384.00
3	360.00
3	300.00
3	264.00
3	252.00
3	246.00
3	243.00
3	238.00
3	202.00
3	199.00
3	179.00
3	160.00
3	133.00
3	118.50
3	1.70
3	0.10
2	97.50
2	912.00
2	706.00
2	642.00
2	571.00
2	564.00
2	426.00
2	416.00
2	366.00
2	345.00
2	331.00
2	327.00
2	308.00
2	301.00
2	3.60
2	205.50
2	183.00
2	165.00
2	154.00
1	95.00
1	894.00
1	72.50
1	517.50
1	484.00
1	365.00
1	33.50
1	293.00
1	262.00
1	230.00
1	21.50
1	201.00
1	192.00
1	155.00
1	146.00
1	144.00
1	143.00
1	129.00
