768318	6000.0
667947	0.0
519513	5000.0
284954	5600.0
279110	6500.0
216859	5200.0
207405	6900.0
203680	6200.0
202827	5500.0
198544	7000.0
192792	6300.0
187299	2500.0
184584	6100.0
182166	7500.0
179079	7400.0
165694	3000.0
164326	4000.0
161578	6600.0
160489	7800.0
156823	8000.0
154046	5700.0
144191	5400.0
141931	5900.0
139483	10000.0
134409	7200.0
132675	6400.0
127417	8200.0
125354	4700.0
124879	5300.0
124273	5100.0
123946	6700.0
123694	4500.0
120928	1700.0
116438	5800.0
115667	2400.0
111811	7100.0
111755	6800.0
110003	3400.0
103636	2900.0
102532	8700.0
97208	4300.0
95367	1300.0
92864	3900.0
92481	4900.0
90570	3300.0
90500	3100.0
90406	4800.0
89435	7300.0
88832	3600.0
88351	8400.0
87362	3500.0
87026	7700.0
85410	800.0
85366	400.0
85264	2800.0
84959	2600.0
84668	7900.0
83642	8100.0
82514	7600.0
82330	9100.0
79741	3800.0
77409	3700.0
77080	4200.0
74769	1800.0
74675	3200.0
74426	2100.0
74006	4400.0
73393	9000.0
72542	9500.0
69107	2700.0
67406	4100.0
66407	4600.0
65795	1000.0
65701	8500.0
64286	2000.0
63064	10400.0
62152	10800.0
61588	8800.0
61081	9300.0
59611	900.0
59552	2300.0
59205	1500.0
58478	2200.0
56740	8300.0
56395	1600.0
56048	1400.0
53786	9900.0
53632	9600.0
52614	1900.0
51680	8600.0
49816	1200.0
47330	1100.0
46355	9200.0
45587	10200.0
43564	10500.0
42687	9700.0
41129	9400.0
41040	11000.0
40112	8900.0
39496	12000.0
39323	10100.0
39244	11700.0
37329	11200.0
37255	9800.0
37255	700.0
35984	11300.0
33319	10300.0
33312	12600.0
32561	12100.0
32518	43500.0
31494	13000.0
29635	10600.0
27772	13500.0
27092	600.0
25858	11500.0
25588	15000.0
25287	10900.0
23969	10700.0
23758	11400.0
22122	20000.0
20676	11100.0
19245	14800.0
19005	12500.0
18768	12300.0
18740	14300.0
18660	11800.0
18432	13900.0
18216	15600.0
18199	21700.0
18122	13200.0
17740	14000.0
17680	11600.0
17173	11900.0
16625	15200.0
16308	12200.0
15781	12800.0
15434	16500.0
15349	12400.0
15256	500.0
15014	12700.0
14462	14400.0
13747	13600.0
13646	16100.0
12940	18700.0
12241	13100.0
11982	13300.0
11720	12900.0
11669	16900.0
11486	16000.0
11373	20400.0
10973	13700.0
10914	18000.0
10636	13800.0
10615	18200.0
10388	17400.0
10205	19600.0
10103	13400.0
10093	17800.0
10059	14500.0
10052	14200.0
10027	15300.0
9857	15400.0
9805	20900.0
9605	17000.0
9582	14900.0
9539	16200.0
9168	1679600.0
9150	14700.0
9057	217800.0
8993	22200.0
8948	21300.0
8820	14100.0
8713	23000.0
8685	22600.0
8627	16800.0
8465	17500.0
8177	15500.0
8171	87100.0
8096	15700.0
8094	14600.0
8048	19100.0
7990	15100.0
7653	23500.0
7574	21000.0
6933	22000.0
6823	1057900.0
6734	19500.0
6621	43900.0
6621	23900.0
6620	40000.0
6455	27000.0
6432	24300.0
6416	44800.0
6366	22500.0
6303	15900.0
6193	19200.0
6188	25200.0
6181	16600.0
6148	19000.0
6086	24000.0
6056	17600.0
5998	15800.0
5830	30000.0
5809	21600.0
5790	19800.0
5768	21800.0
5760	44400.0
5747	17200.0
5621	17100.0
5621	1114900.0
5581	18900.0
5495	20100.0
5430	47000.0
5382	24800.0
5276	16300.0
5176	16400.0
5077	20200.0
5025	45700.0
5021	20800.0
4941	19900.0
4843	16700.0
4668	47900.0
4588	20500.0
4546	18400.0
4505	26100.0
4487	45300.0
4467	108900.0
4438	18500.0
4416	22400.0
4407	22100.0
4364	18800.0
4330	26500.0
4323	25700.0
4315	18300.0
4224	20300.0
4220	17300.0
4160	65300.0
4156	21200.0
4139	17900.0
4086	21400.0
4073	47400.0
4054	46600.0
4052	46100.0
4049	21900.0
4010	52200.0
3996	25000.0
3987	20700.0
3981	20600.0
3972	130600.0
3932	32600.0
3912	18100.0
3868	18600.0
3845	28700.0
3833	23400.0
3794	21500.0
3790	49200.0
3776	29600.0
3762	50000.0
3749	27800.0
3677	27400.0
3620	23100.0
3538	19700.0
3528	30400.0
3528	23200.0
3528	19300.0
3498	19400.0
3487	28300.0
3436	17700.0
3392	23800.0
3302	42600.0
3296	22800.0
3295	26000.0
3285	21100.0
3261	41800.0
3210	22300.0
3127	48300.0
3126	48700.0
3116	40500.0
3072	39200.0
3067	37000.0
3012	29100.0
3011	24700.0
3006	49600.0
3004	31300.0
2969	50500.0
2960	43100.0
2930	51400.0
2919	300.0
2902	54400.0
2880	435600.0
2837	39600.0
2827	54000.0
2824	34800.0
2817	35700.0
2807	25600.0
2767	30900.0
2750	33100.0
2718	41300.0
2703	23600.0
2665	28000.0
2649	25500.0
2594	53100.0
2588	42200.0
2588	35200.0
2577	22900.0
2550	23700.0
2547	22700.0
2521	50900.0
2517	40900.0
2444	26400.0
2423	32200.0
2394	51800.0
2384	1412700.0
2348	26200.0
2344	25300.0
2339	52700.0
2307	54800.0
2267	36000.0
2267	24100.0
2256	37800.0
2201	31700.0
2200	37400.0
2189	58800.0
2163	24500.0
2136	24200.0
2133	24600.0
2129	23300.0
2127	56600.0
2127	33900.0
2118	38300.0
2092	36100.0
2066	60900.0
2056	57900.0
2054	33500.0
2037	55700.0
2014	38700.0
2013	33000.0
2012	27300.0
2009	27500.0
1991	27600.0
1975	26300.0
1974	43600.0
1953	55300.0
1938	432900.0
1909	696700.0
1890	29900.0
1885	34400.0
1882	57000.0
1850	28800.0
1841	63100.0
1836	25800.0
1827	27200.0
1825	42000.0
1798	53500.0
1797	28200.0
1796	649200.0
1788	36500.0
1780	92300.0
1776	56100.0
1776	24900.0
1760	59600.0
1748	2.53693E7
1741	35000.0
1734	24400.0
1729	60100.0
1722	29400.0
1710	57400.0
1701	29000.0
1700	58300.0
1690	63500.0
1684	104500.0
1681	186200.0
1661	32000.0
1649	28600.0
1641	44000.0
1636	30600.0
1611	393500.0
1610	31500.0
1601	60500.0
1595	26700.0
1592	739700.0
1589	701600.0
1589	68800.0
1588	28500.0
1586	26900.0
1583	25100.0
1581	25900.0
1568	28400.0
1551	37500.0
1549	78400.0
1542	31000.0
1538	26600.0
1523	29700.0
1519	64400.0
1518	174200.0
1509	27700.0
1496	149400.0
1495	218200.0
1491	43200.0
1484	34000.0
1483	69600.0
1472	100100.0
1470	30800.0
1467	43400.0
1461	39900.0
1460	87900.0
1460	64900.0
1456	61400.0
1451	25400.0
1446	61800.0
1428	86300.0
1422	401800.0
1417	87500.0
1404	64000.0
1389	65700.0
1386	84500.0
1385	40800.0
1379	31200.0
1375	89700.0
1375	301800.0
1371	32400.0
1371	26800.0
1363	45000.0
1355	108000.0
1352	67900.0
1342	89100.0
1342	27900.0
1339	43700.0
1324	62200.0
1323	90200.0
1323	30200.0
1322	40600.0
1317	40100.0
1312	275300.0
1309	32500.0
1306	28900.0
1302	67000.0
1280	80500.0
1277	247300.0
1276	91400.0
1270	40700.0
1265	39100.0
1264	286500.0
1261	67500.0
1260	441800.0
1256	147900.0
1252	107100.0
1249	66600.0
1247	287000.0
1243	59200.0
1238	29200.0
1235	74000.0
1231	89200.0
1229	88400.0
1228	331000.0
1222	82700.0
1216	514200.0
1212	29800.0
1206	394500.0
1202	71400.0
1190	71800.0
1181	109700.0
1170	70100.0
1158	62700.0
1156	40200.0
1155	871200.0
1151	43000.0
1148	73100.0
1146	31800.0
1144	108400.0
1143	103200.0
1141	93600.0
1140	29500.0
1139	33600.0
1138	278200.0
1134	319400.0
1131	34500.0
1130	95800.0
1123	450600.0
1123	42700.0
1123	38200.0
1122	48000.0
1122	46800.0
1118	109300.0
1115	41000.0
1109	66200.0
1109	34300.0
1106	41400.0
1101	36400.0
1088	43300.0
1075	133700.0
1072	125000.0
1072	111000.0
1066	30700.0
1064	32300.0
1058	31600.0
1055	76200.0
1052	68300.0
1046	69200.0
1044	39000.0
1043	38000.0
1041	50200.0
1037	88800.0
1036	35500.0
1034	75300.0
1029	91000.0
1029	39400.0
1027	60000.0
1026	126700.0
1022	72700.0
1004	41200.0
999	105800.0
997	72300.0
993	51000.0
990	27100.0
987	33300.0
987	30500.0
982	81000.0
979	84000.0
977	79200.0
973	42500.0
971	44700.0
970	101000.0
967	94000.0
964	71000.0
964	47500.0
960	70500.0
960	30100.0
958	81400.0
958	32900.0
955	31400.0
953	39700.0
950	95300.0
950	94900.0
950	73600.0
946	102300.0
939	35100.0
939	159100.0
936	84900.0
935	150600.0
933	38400.0
933	242700.0
931	115800.0
929	28100.0
929	113200.0
928	41600.0
915	94500.0
915	52500.0
915	36200.0
911	42300.0
911	34100.0
910	31900.0
910	286400.0
908	33200.0
907	272100.0
903	314400.0
899	49800.0
892	33400.0
889	41700.0
888	82300.0
888	33800.0
881	74400.0
881	37600.0
880	33700.0
877	46900.0
875	80100.0
873	90600.0
870	107500.0
869	41500.0
869	36600.0
869	32700.0
865	83600.0
865	45200.0
865	177200.0
862	147200.0
856	77100.0
856	309400.0
854	85800.0
854	78800.0
850	148900.0
848	90100.0
844	144600.0
844	119400.0
843	74900.0
841	98000.0
841	92700.0
840	110200.0
837	81800.0
837	358800.0
836	76600.0
836	105400.0
831	36900.0
830	40400.0
828	42900.0
824	86200.0
821	152800.0
813	91900.0
813	46200.0
813	138500.0
812	99700.0
812	46500.0
806	79700.0
805	833700.0
804	101900.0
803	106200.0
802	98800.0
802	40300.0
802	131300.0
802	104900.0
801	34200.0
800	44500.0
800	101400.0
799	324400.0
796	85300.0
795	32100.0
794	46000.0
794	29300.0
793	235400.0
792	621900.0
792	102800.0
791	39300.0
791	106700.0
790	53300.0
789	261300.0
788	266700.0
787	226900.0
784	45600.0
782	129300.0
781	77900.0
780	232700.0
780	110600.0
779	83200.0
779	131500.0
777	36800.0
777	122800.0
776	30300.0
771	43800.0
767	200.0
763	42400.0
763	250000.0
763	100.0
762	39800.0
761	382800.0
760	346000.0
756	109100.0
752	93200.0
752	37200.0
752	120600.0
751	35600.0
749	360200.0
746	452700.0
744	35800.0
742	98400.0
742	49000.0
742	100600.0
738	403300.0
738	123700.0
736	606100.0
736	206100.0
736	165500.0
733	118000.0
730	78300.0
725	208200.0
723	45900.0
723	31100.0
723	269200.0
721	121900.0
718	256300.0
715	34700.0
714	37700.0
714	122700.0
713	34600.0
710	393100.0
710	168500.0
709	34900.0
709	103600.0
708	97100.0
708	237400.0
706	39500.0
702	128300.0
701	99300.0
698	224900.0
697	97500.0
692	44100.0
692	42800.0
692	237800.0
688	77500.0
687	86600.0
683	41100.0
680	101200.0
677	47800.0
677	44900.0
675	149800.0
675	138900.0
669	116300.0
666	162400.0
663	225100.0
663	170000.0
661	96200.0
657	115400.0
650	44300.0
646	42100.0
644	126300.0
643	36700.0
642	32800.0
641	44200.0
638	37900.0
631	282200.0
629	119700.0
627	117600.0
625	182000.0
624	38900.0
624	111900.0
623	96700.0
616	373200.0
615	176200.0
614	628900.0
613	49700.0
611	104100.0
610	35300.0
609	38800.0
609	35900.0
607	75700.0
604	135000.0
598	44600.0
597	84200.0
597	209900.0
593	45100.0
591	114100.0
589	41900.0
587	122500.0
586	54100.0
585	107000.0
579	139300.0
578	384200.0
578	152400.0
574	38600.0
574	114900.0
572	1742400.0
569	111500.0
567	69700.0
567	61200.0
567	54700.0
566	45500.0
565	114500.0
564	113600.0
563	210300.0
562	74200.0
557	124500.0
555	106100.0
551	55600.0
551	305400.0
548	35400.0
541	218600.0
539	118900.0
538	304900.0
537	38500.0
536	143700.0
536	131100.0
534	50300.0
534	47600.0
530	37100.0
528	76000.0
524	36300.0
523	164900.0
521	52000.0
519	48800.0
514	219100.0
514	134100.0
510	227000.0
508	121000.0
507	136700.0
504	146300.0
503	120200.0
500	173000.0
498	124100.0
495	132800.0
491	196000.0
489	48200.0
487	280300.0
487	209000.0
483	219500.0
482	185700.0
482	116700.0
481	46400.0
480	47200.0
480	45800.0
480	118400.0
479	92500.0
478	132400.0
477	169800.0
474	94100.0
474	131900.0
473	221700.0
473	171700.0
471	47300.0
470	305200.0
468	73400.0
468	157000.0
464	68400.0
463	62000.0
462	50700.0
462	136300.0
459	213000.0
457	189900.0
455	48500.0
455	47100.0
455	112800.0
454	79800.0
454	112300.0
453	49500.0
452	244600.0
452	145400.0
450	206900.0
447	46700.0
446	133200.0
446	122400.0
445	46300.0
443	65200.0
443	37300.0
443	179500.0
440	128000.0
439	135900.0
435	216900.0
434	49300.0
434	211700.0
434	125800.0
432	129800.0
432	117100.0
430	50400.0
430	163300.0
429	211200.0
427	45400.0
427	179800.0
425	127100.0
424	116900.0
421	60600.0
420	38100.0
420	186000.0
419	220300.0
414	141500.0
413	147800.0
409	208600.0
408	145000.0
407	140200.0
404	210600.0
404	158500.0
404	119100.0
402	72900.0
401	128900.0
400	148100.0
399	48100.0
397	81500.0
396	191400.0
396	127600.0
395	48900.0
394	207700.0
394	123200.0
393	48600.0
393	427700.0
393	254400.0
391	67600.0
391	130200.0
390	50100.0
390	128500.0
388	47700.0
387	50600.0
385	79900.0
385	307500.0
385	204700.0
381	57500.0
381	55200.0
380	72800.0
380	64100.0
380	53400.0
379	48400.0
378	187300.0
378	149600.0
378	142000.0
374	49400.0
373	138000.0
370	156800.0
368	137200.0
365	49100.0
363	137600.0
362	51100.0
360	386400.0
359	56900.0
356	55000.0
355	269600.0
354	348400.0
349	158900.0
349	113800.0
347	96400.0
347	221200.0
345	222500.0
344	239500.0
344	161100.0
343	215600.0
342	81200.0
342	53600.0
341	52800.0
341	191600.0
337	71900.0
337	49900.0
336	121500.0
335	53000.0
334	222100.0
334	134600.0
333	76400.0
332	63300.0
331	58700.0
331	174600.0
330	51300.0
329	215100.0
328	103400.0
327	210800.0
326	87600.0
326	72000.0
326	172500.0
325	73900.0
323	69800.0
322	119300.0
321	224700.0
320	60700.0
319	54900.0
319	217300.0
317	170500.0
315	70000.0
315	220400.0
314	90300.0
313	341100.0
313	144100.0
312	153700.0
312	148500.0
312	125400.0
311	167200.0
310	219900.0
309	178500.0
309	141100.0
309	120900.0
308	51200.0
306	52100.0
306	392000.0
305	99200.0
304	63000.0
304	223400.0
304	204200.0
304	177700.0
304	167700.0
302	216400.0
302	153300.0
301	160300.0
301	159400.0
301	102700.0
300	58500.0
300	220800.0
298	84400.0
298	77800.0
298	56400.0
298	243100.0
298	226500.0
298	151500.0
297	142800.0
296	104800.0
295	83800.0
295	212500.0
295	173800.0
294	126900.0
293	188600.0
292	74300.0
292	150700.0
290	51700.0
290	157200.0
290	143300.0
289	152000.0
287	92100.0
287	51900.0
286	50800.0
286	327000.0
286	118200.0
284	65000.0
282	75600.0
282	56300.0
282	53200.0
282	179400.0
282	172000.0
280	225200.0
280	164700.0
279	53900.0
278	233000.0
278	229900.0
278	201200.0
278	182500.0
278	175500.0
277	87200.0
276	187700.0
275	66800.0
275	56200.0
275	130000.0
