956322	1100.0
954420	1400.0
953920	1200.0
941433	1300.0
922362	1500.0
830407	1000.0
811744	1600.0
735818	1700.0
683216	1800.0
605430	1900.0
552953	2000.0
549898	900.0
488164	2100.0
436586	2200.0
389233	2300.0
372504	800.0
341198	2400.0
311140	2500.0
255778	2600.0
220082	0.0
219800	2700.0
196581	700.0
194369	2800.0
172580	2900.0
147144	3000.0
134484	3100.0
120999	3200.0
111370	600.0
105228	3300.0
95987	3400.0
79416	3500.0
68286	3600.0
57626	3700.0
53244	3800.0
43769	3900.0
42338	4000.0
39861	500.0
33319	4100.0
30712	4200.0
27351	4300.0
23310	400.0
22596	4400.0
21646	4500.0
19135	4600.0
16814	4700.0
14830	4800.0
13441	4900.0
12476	5000.0
11356	5100.0
9689	5200.0
8994	5300.0
8382	5400.0
7466	5600.0
7276	5500.0
6262	5700.0
6181	5800.0
5286	6000.0
5208	5900.0
4708	6100.0
4588	300.0
3979	6200.0
3936	6300.0
3736	6400.0
3397	6500.0
2942	6600.0
2806	6700.0
2685	6800.0
2410	6900.0
2232	7000.0
2068	7200.0
2006	7100.0
1900	7300.0
1804	7400.0
1802	7500.0
1457	7600.0
1371	8200.0
1354	21800.0
1347	7700.0
1345	200.0
1312	7800.0
1263	8400.0
1257	18000.0
1192	8000.0
1162	8100.0
1051	7900.0
1002	8300.0
959	9000.0
951	8700.0
931	8900.0
891	8800.0
884	9700.0
847	8500.0
842	9200.0
818	8600.0
781	9900.0
776	9500.0
749	10200.0
707	9300.0
653	10000.0
651	9100.0
640	9800.0
620	9400.0
611	10100.0
569	10800.0
545	10300.0
543	10500.0
542	9600.0
532	10400.0
529	10900.0
503	11100.0
499	11500.0
497	12600.0
487	11000.0
485	13800.0
481	12000.0
465	12800.0
461	11900.0
459	11800.0
453	11200.0
421	11600.0
419	13500.0
418	12900.0
414	11700.0
408	99900.0
406	13200.0
399	10600.0
398	12300.0
378	12700.0
377	11400.0
374	12100.0
350	10700.0
340	12200.0
330	13000.0
323	15600.0
318	13900.0
318	13600.0
308	12400.0
307	14400.0
304	13100.0
296	11300.0
294	16500.0
284	15500.0
284	15100.0
282	13400.0
280	12500.0
265	14500.0
263	100.0
261	16800.0
258	14000.0
257	20100.0
257	13300.0
249	13700.0
247	14100.0
241	17200.0
233	17800.0
232	16300.0
230	18600.0
228	14800.0
226	14700.0
225	15000.0
223	19000.0
223	16700.0
218	14200.0
207	17400.0
198	21500.0
195	16000.0
194	16200.0
193	17600.0
193	15700.0
192	14600.0
188	18700.0
187	16100.0
187	15900.0
185	16600.0
182	17300.0
181	14300.0
176	18200.0
175	18400.0
175	17100.0
173	28900.0
173	14900.0
171	18100.0
168	18800.0
168	17700.0
167	15300.0
166	17000.0
165	20800.0
165	20500.0
163	15200.0
159	17500.0
157	19600.0
155	91400.0
155	23000.0
155	19800.0
155	18300.0
155	15800.0
152	20700.0
150	16900.0
149	23500.0
148	19900.0
142	15400.0
140	25200.0
140	23300.0
139	25400.0
138	25800.0
137	20300.0
137	19200.0
136	29400.0
136	24500.0
136	22800.0
135	19400.0
133	24800.0
133	17900.0
132	23800.0
128	21100.0
127	31600.0
127	20600.0
126	22200.0
125	22900.0
124	26400.0
123	16400.0
122	42700.0
122	24400.0
122	21200.0
119	19100.0
116	22300.0
114	26600.0
114	21600.0
112	19700.0
110	20900.0
110	18500.0
109	25600.0
109	19500.0
107	23400.0
106	28200.0
106	27600.0
106	19300.0
105	257200.0
105	22400.0
105	20200.0
105	20000.0
105	18900.0
103	21000.0
103	20400.0
100	25700.0
99	30000.0
97	29700.0
96	23200.0
96	21400.0
95	25100.0
95	129600.0
91	21700.0
90	30600.0
90	24600.0
90	22100.0
88	22000.0
87	21300.0
85	34200.0
83	37200.0
83	35100.0
83	24100.0
82	29900.0
77	23600.0
75	32600.0
75	22600.0
72	34700.0
71	32200.0
71	29500.0
70	31700.0
70	29100.0
70	24700.0
70	24300.0
70	23900.0
69	22500.0
68	34500.0
68	34000.0
68	28100.0
68	24000.0
66	35200.0
66	33500.0
66	30900.0
66	30800.0
66	28500.0
65	32500.0
65	29600.0
64	61700.0
64	33600.0
64	31000.0
64	26000.0
64	198100.0
63	34300.0
63	32700.0
62	26900.0
62	26300.0
62	25900.0
61	43000.0
61	37400.0
61	27800.0
61	26800.0
60	53100.0
60	32100.0
60	31400.0
60	31300.0
60	30100.0
60	29300.0
60	28600.0
60	27300.0
59	56700.0
59	33800.0
59	27900.0
58	45900.0
58	32000.0
57	61000.0
57	48200.0
57	28300.0
56	56600.0
56	56500.0
56	40500.0
56	34900.0
56	26200.0
56	120300.0
55	36700.0
55	34400.0
55	23100.0
55	21900.0
54	27500.0
54	26700.0
53	41000.0
53	34800.0
53	30700.0
53	29800.0
52	96000.0
52	42100.0
52	37000.0
52	32300.0
52	28400.0
52	24900.0
51	41200.0
51	31800.0
51	25000.0
50	47600.0
50	27400.0
50	25500.0
50	25300.0
50	23700.0
49	36100.0
48	81700.0
47	46900.0
47	44500.0
47	38400.0
46	55500.0
46	32800.0
46	29000.0
46	27100.0
46	24200.0
45	40700.0
45	39100.0
45	35600.0
45	33400.0
45	27200.0
44	66600.0
44	37900.0
44	37700.0
44	33900.0
43	37800.0
43	36800.0
43	22700.0
42	44900.0
42	30400.0
42	28700.0
41	70000.0
41	58600.0
41	47000.0
41	40200.0
41	36600.0
40	92900.0
40	47200.0
40	43700.0
40	37100.0
40	28800.0
39	53900.0
39	47800.0
39	33300.0
39	30200.0
38	79800.0
38	32400.0
38	30500.0
38	30300.0
38	188400.0
37	35800.0
37	32900.0
37	151800.0
36	58100.0
36	48100.0
36	45600.0
36	38600.0
36	38300.0
36	35500.0
36	31100.0
36	135800.0
35	50300.0
35	43600.0
35	42000.0
35	33700.0
35	33100.0
34	50400.0
34	47700.0
34	47100.0
34	42500.0
34	40000.0
34	38000.0
34	31900.0
34	28000.0
33	78500.0
33	70400.0
33	68500.0
33	40400.0
33	37500.0
33	35300.0
33	34100.0
33	27700.0
33	116400.0
32	50700.0
32	49200.0
32	35900.0
32	35400.0
31	60300.0
31	58000.0
31	49900.0
31	47300.0
31	46000.0
31	36000.0
31	133400.0
30	67000.0
30	45500.0
30	39800.0
29	51800.0
29	42400.0
29	42300.0
29	42200.0
28	60900.0
28	47900.0
28	45200.0
28	44300.0
28	38700.0
28	36900.0
28	35000.0
28	33000.0
28	27000.0
28	124300.0
27	83500.0
27	75800.0
27	69700.0
27	64800.0
27	57000.0
27	51700.0
27	51400.0
27	51200.0
27	38200.0
27	222200.0
27	203900.0
27	150800.0
26	72300.0
26	66700.0
26	65200.0
26	58700.0
26	55000.0
26	43500.0
26	34600.0
25	94200.0
25	85800.0
25	83200.0
25	77600.0
25	63400.0
25	53800.0
25	50500.0
25	49400.0
25	48600.0
25	42600.0
25	225100.0
25	110300.0
24	83900.0
24	65700.0
24	61500.0
24	57800.0
24	52000.0
24	50000.0
24	49800.0
24	41400.0
24	26500.0
23	75700.0
23	60500.0
23	45400.0
23	44800.0
23	42800.0
23	33200.0
23	122200.0
23	121200.0
23	118400.0
22	72100.0
22	63000.0
22	54900.0
22	50100.0
22	40300.0
22	40100.0
22	39900.0
22	36500.0
22	36400.0
22	26100.0
22	157500.0
22	104700.0
21	91200.0
21	85400.0
21	66200.0
21	54100.0
21	52900.0
21	51000.0
21	45100.0
21	44000.0
21	39400.0
21	39000.0
21	38900.0
20	76500.0
20	73100.0
20	65900.0
20	64700.0
20	52400.0
20	52300.0
20	48500.0
20	46300.0
20	41800.0
20	40900.0
20	167700.0
19	96500.0
19	94500.0
19	71300.0
19	69300.0
19	60100.0
19	55200.0
19	49600.0
19	44100.0
19	39500.0
19	37300.0
19	31200.0
19	232800.0
19	100000.0
18	98600.0
18	79200.0
18	74700.0
18	61600.0
18	54500.0
18	48700.0
18	45300.0
18	43800.0
18	43200.0
18	41500.0
18	152300.0
18	151900.0
18	122000.0
18	112300.0
17	74800.0
17	74100.0
17	72900.0
17	66800.0
17	58500.0
17	56800.0
17	55700.0
17	53000.0
17	46600.0
17	38500.0
17	35700.0
17	300000.0
17	215200.0
17	166100.0
17	164800.0
17	154900.0
16	90800.0
16	88800.0
16	86900.0
16	83700.0
16	80100.0
16	74400.0
16	74300.0
16	71700.0
16	69900.0
16	67400.0
16	63800.0
16	60700.0
16	59600.0
16	55300.0
16	54300.0
16	51100.0
16	44200.0
16	41300.0
16	36300.0
16	175400.0
16	170000.0
16	159200.0
16	126100.0
16	125000.0
16	116500.0
16	112000.0
15	97500.0
15	89300.0
15	89200.0
15	81100.0
15	70900.0
15	64900.0
15	62100.0
15	61300.0
15	58800.0
15	58200.0
15	57300.0
15	52700.0
15	52600.0
15	49000.0
15	48400.0
15	45000.0
15	40800.0
15	40600.0
15	381000.0
15	29200.0
15	177600.0
15	153100.0
15	153000.0
15	140700.0
15	122500.0
15	113900.0
15	105500.0
14	94800.0
14	93400.0
14	75900.0
14	72700.0
14	67900.0
14	67800.0
14	63600.0
14	62600.0
14	62200.0
14	61800.0
14	61100.0
14	57100.0
14	49100.0
14	48300.0
14	46500.0
14	44600.0
14	43300.0
14	399800.0
14	39600.0
14	209100.0
14	152100.0
14	135200.0
14	111700.0
14	109200.0
13	99400.0
13	99000.0
13	98100.0
13	95400.0
13	94300.0
13	92600.0
13	91300.0
13	87200.0
13	77400.0
13	73800.0
13	71000.0
13	67600.0
13	65800.0
13	62700.0
13	54400.0
13	53400.0
13	46400.0
13	433100.0
13	41100.0
13	240900.0
13	197600.0
13	191400.0
13	169300.0
13	130000.0
13	122100.0
13	119500.0
13	102700.0
12	94100.0
12	78100.0
12	71500.0
12	67700.0
12	65500.0
12	63700.0
12	56000.0
12	53600.0
12	51900.0
12	44700.0
12	43400.0
12	38100.0
12	36200.0
12	31500.0
12	266500.0
12	200800.0
12	174900.0
12	155700.0
12	102300.0
11	99200.0
11	96300.0
11	93100.0
11	9300000.0
11	87000.0
11	84500.0
11	81000.0
11	79100.0
11	77800.0
11	77200.0
11	74200.0
11	73300.0
11	69000.0
11	61400.0
11	59500.0
11	59100.0
11	58300.0
11	54000.0
11	52500.0
11	45700.0
11	41600.0
11	38800.0
11	302900.0
11	273300.0
11	2620000.0
11	260300.0
11	226200.0
11	212200.0
11	178700.0
11	153300.0
11	143800.0
11	139800.0
11	137500.0
11	133600.0
11	131400.0
11	128000.0
11	116600.0
11	105900.0
10	94000.0
10	92800.0
10	81200.0
10	79300.0
10	78600.0
10	78400.0
10	77700.0
10	75000.0
10	72600.0
10	70600.0
10	68700.0
10	64100.0
10	60800.0
10	60400.0
10	54600.0
10	52100.0
10	39700.0
10	362700.0
10	268200.0
10	213900.0
10	151700.0
10	146500.0
10	146300.0
10	142300.0
10	128900.0
10	127700.0
10	124600.0
10	112700.0
10	110700.0
10	107100.0
10	106500.0
10	104500.0
9	98200.0
9	94900.0
9	89900.0
9	86300.0
9	82800.0
9	79500.0
9	73600.0
9	73000.0
9	71400.0
9	67100.0
9	59900.0
9	59800.0
9	57600.0
9	57200.0
9	56900.0
9	51300.0
9	39300.0
9	37600.0
9	332500.0
9	323900.0
9	280900.0
9	217100.0
9	214500.0
9	184500.0
9	176700.0
9	156900.0
9	154300.0
9	151200.0
9	133900.0
9	127500.0
9	122900.0
9	120800.0
9	117000.0
9	116000.0
9	108000.0
9	107400.0
8	98000.0
8	97700.0
8	92300.0
8	87500.0
8	85000.0
8	83000.0
8	77900.0
8	76800.0
8	74500.0
8	72500.0
8	72200.0
8	61900.0
8	609800.0
8	60000.0
8	57900.0
8	563100.0
8	55600.0
8	52200.0
8	466400.0
8	43900.0
8	41700.0
8	306700.0
8	246500.0
8	243500.0
8	242600.0
8	202200.0
8	200400.0
8	193100.0
8	187500.0
8	165400.0
8	163300.0
8	162500.0
8	150100.0
8	141000.0
8	140200.0
8	124200.0
8	124000.0
8	121500.0
8	121400.0
8	119400.0
8	112200.0
8	111900.0
8	106000.0
8	103700.0
8	103200.0
7	98300.0
7	95700.0
7	95600.0
7	90000.0
7	86500.0
7	85100.0
7	84400.0
7	84000.0
7	83400.0
7	81500.0
7	81300.0
7	76300.0
7	75400.0
7	74900.0
7	72000.0
7	70300.0
7	68900.0
7	64300.0
7	63900.0
7	59400.0
7	59300.0
7	59000.0
7	54200.0
7	51600.0
7	48000.0
7	366000.0
7	325400.0
7	315000.0
7	302100.0
7	2890800.0
7	279000.0
7	261900.0
7	249300.0
7	221700.0
7	212500.0
7	204800.0
7	178900.0
7	172700.0
7	169500.0
7	153800.0
7	151600.0
7	150200.0
7	148300.0
7	145700.0
7	142900.0
7	141900.0
7	137700.0
7	135300.0
7	120100.0
7	118800.0
7	118500.0
7	117800.0
7	113300.0
7	112100.0
7	102500.0
6	99800.0
6	88900.0
6	86000.0
6	84900.0
6	84300.0
6	82000.0
6	80800.0
6	75200.0
6	73900.0
6	68400.0
6	68100.0
6	65300.0
6	64400.0
6	63500.0
6	63200.0
6	59200.0
6	53300.0
6	51500.0
6	49700.0
6	460800.0
6	39200.0
6	359500.0
6	326700.0
6	298400.0
6	290600.0
6	290400.0
6	280200.0
6	274800.0
6	274300.0
6	272200.0
6	236200.0
6	228600.0
6	224500.0
6	221800.0
6	195700.0
6	190400.0
6	183700.0
6	183300.0
6	181500.0
6	181100.0
6	164200.0
6	162900.0
6	153900.0
6	147100.0
6	137400.0
6	134200.0
6	133300.0
6	131800.0
6	129100.0
6	121600.0
6	121100.0
6	120400.0
6	112600.0
6	111100.0
6	108800.0
6	107900.0
6	106400.0
6	104600.0
6	104300.0
6	104000.0
6	103300.0
6	100200.0
6	1.528E7
5	99600.0
5	97100.0
5	96400.0
5	96200.0
5	92500.0
5	89700.0
5	8944000.0
5	892200.0
5	86400.0
5	86200.0
5	86100.0
5	83100.0
5	82700.0
5	77000.0
5	74600.0
5	73400.0
5	72400.0
5	70200.0
5	70100.0
5	69200.0
5	66500.0
5	66300.0
5	62500.0
5	57400.0
5	52800.0
5	482700.0
5	470900.0
5	46200.0
5	46100.0
5	460000.0
5	335800.0
5	312600.0
