298000	1955
289678	1971
286180	1988
283194	1989
278330	1977
271566	1972
270406	1973
265476	1959
264584	1978
263728	1979
260479	1963
243782	1950
240535	1986
239783	1954
237433	1960
236226	
236169	1964
235219	1965
234392	1976
230805	1985
228744	1956
219481	1990
218923	1951
217990	1984
217790	1962
213419	1961
212722	1970
209068	1974
200267	1952
199867	1980
198271	1987
196810	1958
196728	1968
192206	1953
187647	1969
179565	1948
175816	1975
168068	1981
167991	1957
167212	1947
164222	1966
162673	2000
159908	1999
159191	1997
155492	1991
150555	1949
146616	1998
143067	1996
142448	1900
142176	1995
139189	1992
138152	1994
137899	1967
134377	1983
125251	1993
121448	1925
121197	1941
120076	1940
111409	2001
103939	1982
100340	1946
98896	2004
98005	1924
97537	2002
89193	1926
88811	1942
84905	2003
82623	2005
79206	1910
77980	1939
75785	1920
70871	1927
70103	1923
68121	1938
68049	1922
65238	2006
63536	1928
63222	1930
62170	1908
61056	2007
59051	1912
56408	1943
55498	1944
49231	1945
48966	1937
47519	1936
47325	1906
45799	1915
45408	2008
43720	1929
43604	1907
34954	1935
34202	1916
34182	1914
34080	1921
32921	1931
32802	1918
30042	1905
28553	2009
27919	1913
26624	1932
24861	1911
24638	1904
22931	1909
22040	1917
20781	1919
18422	2010
16119	1890
15882	1934
15346	1933
15182	2011
12500	1895
11101	1902
10951	2012
10095	1903
8896	1901
8640	1898
4915	1885
4735	1880
4131	1896
2086	1899
2020	1888
1985	1893
1932	1892
1921	1897
1575	1889
1242	1891
1181	1894
1172	2013
1000	1875
940	1887
931	1870
869	1883
587	1886
577	1878
508	1884
442	1882
385	1873
264	1860
230	1876
184	1868
171	1850
165	1879
163	1881
152	1877
152	1872
152	1865
108	1874
101	1871
94	1869
58	1863
56	1866
53	1848
47	1852
44	1867
42	1859
41	1861
37	1853
35	1862
33	1854
29	1864
25	1840
21	1849
19	1846
17	1856
16	1858
12	1847
10	1845
9	58
9	1855
8	1843
8	1830
7	1857
7	1842
5	1770
4	1833
3	1820
3	1791
2	1777
1	1851
1	1826
