5773383	3
3910775	4
2448479	2
927505	0
923059	5
346189	1
174353	6
36828	7
29937	8
10261	9
7759	10
6558	12
4106	
3101	11
2345	16
1897	14
1844	36
1739	18
1653	13
1606	24
1386	20
1296	15
936	17
829	30
767	21
741	22
581	26
577	19
568	32
547	40
527	99
475	27
458	25
434	28
400	42
398	33
388	23
315	34
308	48
274	38
272	60
260	29
259	72
248	35
214	50
212	56
204	44
201	45
199	39
194	31
184	37
180	54
171	43
164	41
156	46
149	58
144	70
144	49
126	87
125	53
119	52
112	92
109	51
105	62
105	256
104	47
103	57
102	117
100	80
96	59
88	68
83	64
83	220
79	88
79	61
77	69
72	55
70	76
65	66
65	125
63	63
62	102
61	86
58	108
57	104
56	90
56	100
55	84
54	71
53	82
53	65
51	74
50	112
47	168
46	75
44	184
43	73
42	216
42	180
39	121
38	202
37	567
37	322
37	144
36	96
35	162
35	107
32	78
31	94
30	116
29	127
29	114
28	160
28	131
28	123
28	101
27	208
27	206
27	142
27	128
27	103
26	380
26	147
25	95
25	428
25	229
25	188
24	132
24	118
23	81
21	85
20	272
20	172
19	79
19	439
19	204
19	154
19	122
18	354
18	328
18	209
18	159
18	115
17	456
17	321
17	126
16	89
16	166
16	148
15	98
15	91
15	301
15	120
14	871
14	67
14	400
14	316
14	240
14	211
14	139
13	195
13	110
12	438
12	282
12	181
12	151
12	133
12	109
11	93
11	499
11	472
11	306
11	259
11	232
11	189
11	176
11	138
10	97
10	77
10	228
9	342
9	279
9	242
9	179
9	167
9	157
9	145
9	134
8	83
8	662
8	572
8	444
8	3800
8	353
8	336
8	291
8	248
8	205
8	197
8	171
8	155
7	551
7	496
7	459
7	403
7	344
7	287
7	164
7	113
6	975
6	596
6	500
6	384
6	312
6	290
6	264
6	235
6	207
6	200
6	194
6	192
6	119
5	775
5	469
5	462
5	394
5	377
5	334
5	315
5	292
5	288
5	262
5	244
5	143
5	106
5	105
4	947
4	752
4	376
4	356
4	348
4	277
4	224
4	221
4	214
4	150
4	141
4	1241
4	1111
4	111
3	736
3	588
3	530
3	480
3	416
3	412
3	300
3	268
3	258
3	254
3	252
3	249
3	243
3	238
3	230
3	177
3	170
3	165
3	1589
3	156
3	152
3	146
3	137
2	936
2	706
2	674
2	568
2	564
2	536
2	517
2	498
2	454
2	448
2	414
2	392
2	351
2	338
2	286
2	233
2	231
2	226
2	198
2	196
2	140
2	136
2	129
1	569
1	514
1	488
1	437
1	425
1	363
1	332
1	326
1	309
1	251
1	215
1	201
1	185
1	161
