182152	94539
151549	95014
141879	94536
133857	94558
132076	95120
127828	94587
126132	95035
124107	95070
123696	94565
123369	95123
122522	94566
121252	94526
119028	95124
118875	95125
118770	94112
116652	94010
115698	94087
114213	94553
111760	94550
111378	94591
110652	95687
110487	94080
105678	94583
105467	94513
104886	94611
101687	94521
100780	95148
99040	94509
99037	94015
95141	94533
94614	95129
93990	94538
93544	94568
93290	95037
93106	95127
93097	94025
91990	95051
91444	94549
91244	94546
91171	94941
90719	94070
90714	94506
90314	94501
90311	94582
90309	94534
89562	94404
89129	95008
88180	94116
87790	95020
87618	95132
87196	94560
86630	94588
86488	94044
85913	94122
85445	94555
85077	94531
84525	94523
84195	94901
84081	94551
83918	94577
83911	94598
83716	94544
82455	94403
82311	95404
82056	94066
80346	94024
79651	95688
79081	94062
77843	94954
77223	94806
76950	94605
76362	94110
76275	95403
76012	95032
75827	94541
74914	94303
74633	95060
74616	95076
72974	95136
72654	94510
71052	94903
70696	94561
68943	95118
68172	94563
68085	95476
68042	95121
66976	94928
66461	94402
66355	94022
66184	95111
65950	94952
65872	94014
65781	94002
64651	94507
64533	94114
63594	94131
63563	95472
63015	94947
62935	94061
62864	95135
62744	95003
62037	94127
61487	94306
61170	94121
60535	95492
58975	94547
58857	95409
58818	94602
58226	95401
57248	94518
56164	94030
56126	94134
56089	94803
55604	95122
54836	95131
54656	94610
54634	95062
54395	94585
53348	94086
53270	94118
52945	94040
52634	94619
51388	94804
51330	94530
50161	95405
49597	94597
48861	94401
48793	94596
48750	94545
47863	95050
47858	94580
47671	95138
47423	94556
47258	94552
46943	94589
46511	95030
46320	95128
45270	94945
45011	94590
44729	94960
44561	94578
44485	94595
43998	94117
43859	95407
43831	94043
43810	94618
43302	94559
43280	94502
42709	94920
42145	94107
42054	94517
42018	95112
41709	94564
41504	94301
40988	94520
40753	95126
39623	94115
39591	94109
39425	95133
39373	94124
39194	94132
38826	94949
38686	95116
38636	94707
38575	94519
38269	94505
38084	94601
37370	94608
36927	94065
36866	94579
36176	95066
35970	94603
35870	94123
34645	95620
34099	94019
33698	94904
33326	94706
33107	95448
32859	94708
32590	95117
32499	94801
31405	00000
31371	94705
30171	94503
29585	94542
27857	95054
27378	94702
26914	95130
26039	94063
25851	94925
25809	94609
25393	94621
25352	95033
25243	94703
25099	94805
24968	94606
24540	94965
23388	94027
23352	95119
23213	95073
23189	95006
22529	94085
22276	94930
22195	94607
21775	94028
21765	94133
19171	95425
18537	94103
18511	95018
18419	94931
18411	95065
18162	94939
17783	94612
17368	95139
17320	95010
17131	95110
16864	94041
16774	94089
16760	94571
16178	94574
15893	95005
15670	94572
14354	94105
12584	95436
11444	95046
11422	94111
10896	94102
10450	94005
10352	94709
10295	95446
10259	94951
10123	94604
9361	95134
9172	94515
8884	94108
8718	94704
8424	94710
8335	94018
7922	94037
7881	94957
7564	95442
6550	94525
6337	94038
6146	94305
6016	95019
5635	94599
5617	95402
4874	95452
4823	95747
4739	95465
4630	94528
4308	94973
4270	94508
4112	94104
4012	95031
3748	95001
3479	95473
3457	94511
3420	94011
3376	94923
3354	92614
3328	95015
3223	95630
3175	94020
3148	94948
3069	94023
2999	94956
2972	94026
2885	94586
2867	94158
2799	94942
2765	95462
2727	95441
2705	95694
2680	95444
2654	95696
2539	95421
2451	94924
2405	95762
2356	95406
2305	95219
2287	92660
2272	85258
2267	94933
2265	92612
2259	94937
2239	95063
2236	95150
2188	93063
2113	95445
2072	95113
2064	95616
2062	95061
2044	95023
2044	95002
2019	94304
2000	95497
1956	95648
1940	94953
1936	95618
1911	94970
1875	94581
1873	95170
1873	95038
1841	95746
1829	94946
1829	94060
1819	94963
1816	95161
1712	94966
1678	94938
1655	95439
1644	95377
1622	95160
1598	94820
1584	95067
1551	95153
1551	60680
1523	94159
1477	95007
1460	94302
1456	94567
1455	94088
1431	94912
1429	75067
1420	94514
1418	95391
1408	94975
1398	94119
1393	95036
1384	94620
1379	95757
1368	95608
1360	94147
1348	60611
1348	32256
1346	95376
1346	93940
1336	92625
1325	95831
1321	94661
1309	94548
1301	95433
1275	94976
1271	95011
1260	94522
1248	94592
1244	94979
1216	95758
1209	94126
1205	95304
1203	94915
1184	95152
1182	94064
1179	95151
1173	94524
1161	94537
1157	93711
1154	95021
1140	95416
1138	95661
1111	94623
1109	94042
1087	95628
1086	93923
1080	95835
1078	95077
1077	95159
1052	95765
1044	94978
1042	95864
1025	95041
1019	29715
1017	95624
1006	95009
1006	94129
1006	93950
1001	94927
1001	94039
1000	94977
993	95055
978	95017
975	96161
964	89451
963	94955
958	94083
957	95678
952	95242
943	95356
943	95173
942	95157
932	95370
926	92037
909	95682
900	95482
900	95450
897	93908
895	92130
889	95158
884	57186
878	95337
866	95602
865	93953
865	91789
857	95363
854	93720
841	94914
837	95471
836	94573
831	95621
827	80111
826	95691
821	90245
820	95695
809	94141
779	95667
773	94164
772	94662
772	92008
770	95949
766	93635
760	95959
756	95140
753	85250
748	89511
740	95064
740	94929
740	94188
738	93924
736	90049
735	92127
731	95154
730	94128
728	94017
724	95670
722	94540
720	95336
715	89450
712	95946
711	95071
708	95816
702	94146
698	90265
696	95156
690	90277
687	60062
677	95819
677	95603
677	90025
673	95207
672	90275
670	92101
668	94570
659	95164
657	95677
657	95487
653	95419
649	92253
647	95604
637	95330
636	95355
630	95451
626	95945
626	91101
624	90272
623	95109
616	95340
613	95928
612	95209
604	95350
602	95818
599	91301
597	91302
597	90266
595	95155
593	94913
590	90210
586	92024
580	94971
579	93907
575	95430
574	94964
571	95437
564	94922
563	95206
559	92651
557	75202
550	92677
549	95625
542	95240
539	95052
537	95662
537	90274
531	92014
529	95361
528	90036
524	90024
524	89509
523	95969
523	95056
521	92009
507	92131
505	90066
504	90211
503	85261
503	85255
502	93611
499	94569
496	94807
494	95453
491	94140
489	95212
489	92121
488	94142
484	95834
483	95382
475	95044
471	93921
467	95926
466	92663
465	95822
461	60606
457	94562
457	94543
456	90212
451	94701
450	95223
450	91364
448	90069
446	96003
438	96145
438	95366
438	93105
435	92211
430	94802
425	92626
424	96753
424	92648
423	92128
423	89523
421	95486
420	94614
417	89052
414	97701
414	95973
413	96001
413	95004
412	91108
409	89448
406	97229
405	92270
402	95829
402	95823
402	95252
402	93401
401	95650
401	93108
398	91006
397	95204
396	89117
395	95490
395	93901
394	96740
394	95843
394	92656
393	97520
393	94309
387	89519
386	92129
385	98040
385	95825
384	95045
382	92653
376	90703
376	19034
375	95228
375	92692
375	92646
372	93446
371	77479
367	93619
366	91403
364	93906
363	95821
362	96734
360	94712
358	95993
357	91711
357	89134
357	75265
356	92262
354	98121
351	98006
350	95632
348	91105
347	92620
347	91362
346	95826
346	93420
344	95467
344	78045
342	92705
342	89521
341	95247
340	89423
339	92011
337	98033
337	96080
337	90045
336	96815
336	91745
335	92067
332	90292
331	98052
329	93922
329	92103
328	93103
328	90291
327	95683
326	92260
326	92109
324	07945
323	93230
323	92126
322	91361
320	93704
320	92122
320	91436
319	96816
318	95693
318	91604
318	90064
318	89460
317	95321
317	91748
317	91709
317	75025
317	43219
317	27519
315	95617
315	95301
314	94576
314	94074
313	92064
311	93730
310	96825
310	94972
310	93955
310	92657
309	96002
309	89410
308	96150
308	90803
308	90254
307	92603
307	08550
306	33409
305	92649
304	95358
304	20016
303	80217
303	78251
302	94021
301	93101
301	92708
301	90067
300	92673
299	95776
299	95380
298	98004
297	95357
297	91801
296	95460
296	92831
296	10014
294	89703
289	92264
288	92106
288	90034
286	92672
286	10023
285	95354
284	95833
284	95672
283	93065
282	97702
280	95422
280	90046
279	98115
279	95828
279	93722
278	97034
278	95742
278	92675
277	91030
277	10022
276	22203
275	93727
272	95722
270	93291
270	92618
270	90402
268	98101
267	95726
267	91106
266	93933
265	90403
263	95307
261	97501
260	95642
260	95383
260	94950
260	91360
258	95666
258	95658
258	95215
258	92606
257	95367
257	89135
256	89436
254	95814
254	92782
253	95461
253	93422
251	90503
250	20854
249	98103
246	94516
245	97005
245	95501
245	95222
244	95412
240	97405
240	95811
240	80129
239	96821
239	93277
239	92683
238	91320
238	90405
238	63368
237	91007
237	90808
235	91326
235	90068
234	91011
233	94624
232	95610
232	92075
231	95991
231	83616
231	48098
230	97401
229	91344
229	90048
228	95042
227	97214
227	95320
227	92629
225	98607
225	95106
225	91104
224	85283
223	95326
222	60614
222	10024
221	45040
220	94940
220	94535
220	93311
220	93021
220	90505
219	96761
219	95470
218	96022
218	91791
218	89103
218	10025
217	97035
217	72205
217	22102
216	95665
216	92078
216	83001
216	10013
215	98102
215	95368
215	92056
215	90278
214	10011
213	92118
212	95641
212	10128
210	91766
209	90026
209	78732
209	78258
208	95353
208	93637
208	93023
207	92110
207	85253
206	93109
205	96151
205	95503
205	93610
204	95685
203	92887
202	91367
202	85248
202	22314
201	97007
201	93465
200	95480
200	20009
199	93405
198	97068
197	98335
197	96744
197	92104
196	98027
196	95108
195	96814
195	96813
195	93117
195	75093
194	98382
194	93012
192	98109
191	93003
191	92028
191	23224
190	85260
189	96067
189	75254
189	43085
188	93455
187	95338
187	89044
187	85750
186	50328
186	10003
185	97504
185	95423
185	92867
185	90230
185	85262
185	80304
183	92869
183	80302
182	97006
182	96822
182	90401
181	95210
181	92835
180	98110
179	92057
178	93428
178	92503
178	89102
178	69361
178	06831
177	94016
177	93110
177	92117
177	90293
176	96160
176	95709
176	91765
176	89449
175	77450
175	75010
174	95815
174	95521
174	95246
174	94557
174	77056
174	60563
173	98074
173	94120
173	93312
173	91311
173	90035
173	80112
173	20008
172	93035
172	91780
172	91107
172	90004
172	84060
172	10016
171	98105
171	98008
171	95713
171	95012
171	93442
171	90802
171	90042
171	85048
170	95820
170	92691
169	98368
169	95827
169	95690
169	20815
168	95954
168	95540
168	95415
168	80134
168	20817
167	98075
167	97202
167	91354
166	92203
166	89109
166	20170
165	93402
165	93309
165	91941
165	84115
164	98116
164	95327
164	91775
164	90630
163	98112
163	92679
163	90077
163	89012
163	78746
162	97219
162	92886
162	92604
162	92210
162	76092
162	22101
162	02493
161	95519
161	89148
160	95966
160	87505
160	10010
159	95360
159	89141
159	20852
158	92637
158	92065
157	93111
157	93001
157	92602
157	77459
156	97124
156	95965
156	95457
156	90027
155	95348
155	95258
155	92592
155	89434
155	75063
154	96088
154	92091
154	91505
153	97212
153	95466
153	93614
153	91001
153	80202
152	96094
152	91377
152	89145
152	20878
152	10036
151	96720
151	87501
151	80124
150	97209
150	92821
150	91754
149	97527
149	96707
149	95812
149	95640
149	95378
149	93449
149	91502
149	78758
148	97070
148	95039
148	89503
148	89074
148	10028
147	91730
147	06830
146	97201
146	92373
146	91324
146	90017
146	75024
145	95249
145	89501
