2662563	6
2287676	7
2141265	5
1855053	8
1339530	9
1148894	0
950092	10
942050	4
465284	11
239621	3
222220	12
91734	13
51570	14
38959	2
33441	16
28181	15
14743	18
13508	17
12430	1
9018	20
7724	24
5656	19
5177	
4781	21
4743	22
3105	30
2657	36
2252	28
2162	23
2104	32
2054	26
1848	25
1731	48
1549	27
1502	71
1491	42
1336	80
1274	40
1195	33
1150	29
1055	34
928	39
907	45
863	60
862	54
723	35
721	72
718	44
715	38
705	31
658	37
631	50
616	46
597	56
545	64
444	47
418	90
406	43
402	51
390	68
386	41
377	52
374	78
372	66
370	53
359	84
358	57
349	70
340	63
336	99
322	58
313	69
307	96
297	49
289	61
268	75
264	62
257	55
246	76
245	102
244	86
238	74
218	59
203	100
202	88
198	87
183	108
181	81
180	98
176	95
166	77
159	92
156	82
155	73
153	105
146	67
129	93
128	126
126	65
123	85
115	128
115	110
115	106
113	132
109	79
108	144
105	561
105	180
105	109
104	120
102	140
102	104
100	97
95	365
94	116
91	94
85	125
84	145
82	91
81	113
79	999
78	114
77	133
76	107
75	578
75	168
75	122
75	112
71	210
70	117
69	164
68	156
67	118
67	103
66	336
65	166
65	131
65	119
63	136
62	121
61	312
55	83
55	135
54	152
54	123
53	192
52	248
51	127
50	150
49	134
48	252
48	246
47	288
46	240
46	111
42	449
42	162
40	208
39	89
39	153
39	138
39	115
38	228
38	198
37	1587
37	130
36	124
36	101
34	237
34	148
33	300
33	293
33	177
33	143
32	250
32	183
32	155
31	316
31	258
31	200
31	165
30	309
29	480
29	247
29	233
29	216
28	603
28	360
28	147
27	412
27	245
27	172
27	158
27	142
26	272
26	146
25	202
25	129
24	281
24	243
24	184
24	160
24	154
23	256
23	201
23	178
23	171
23	169
22	421
22	220
22	186
22	181
22	149
21	624
21	472
21	242
21	238
21	236
21	191
20	222
19	439
19	262
19	241
19	205
19	161
19	139
18	864
18	672
18	540
18	315
18	264
18	244
18	225
18	204
18	189
18	176
18	163
18	157
17	314
17	215
17	141
17	137
16	188
15	585
15	276
15	260
15	174
15	159
15	1280
14	744
14	207
14	196
14	195
14	175
13	490
13	333
13	265
13	234
13	232
12	848
12	595
12	444
12	440
12	310
12	306
12	305
12	218
12	190
11	877
11	740
11	686
11	529
11	448
11	400
11	376
11	307
11	294
11	279
11	206
11	194
10	644
10	550
10	296
10	290
10	283
9	870
9	777
9	651
9	528
9	396
9	325
9	267
9	261
9	254
9	224
9	214
9	173
8	976
8	913
8	807
8	691
8	610
8	546
8	544
8	512
8	411
8	367
8	356
8	350
8	302
8	286
8	284
8	270
8	251
8	223
8	211
8	151
7	774
7	727
7	708
7	678
7	517
7	486
7	369
7	322
7	304
7	285
7	212
7	185
7	179
7	170
6	973
6	690
6	680
6	617
6	542
6	522
6	468
6	402
6	401
6	393
6	390
6	385
6	381
6	313
6	292
6	278
5	808
5	751
5	673
5	593
5	569
5	513
5	502
5	500
5	478
5	476
5	428
5	405
5	370
5	344
5	332
5	324
5	319
5	303
5	269
5	266
5	257
5	197
5	1792
5	1312
5	1008
4	904
4	804
4	794
4	758
4	568
4	552
4	530
4	464
4	417
4	372
4	353
4	327
4	323
4	321
4	317
4	2862
4	282
4	280
4	271
4	2564
4	255
4	231
4	2263
4	226
4	217
4	167
3	988
3	966
3	888
3	784
3	660
3	632
3	606
3	570
3	566
3	564
3	560
3	541
3	495
3	471
3	450
3	434
3	432
3	422
3	409
3	368
3	364
3	3606
3	358
3	354
3	342
3	339
3	330
3	311
3	274
3	221
3	219
3	1566
3	1033
2	996
2	978
2	906
2	846
2	739
2	731
2	694
2	681
2	662
2	616
2	586
2	506
2	492
2	481
2	477
2	474
2	407
2	399
2	394
2	386
2	384
2	366
2	359
2	347
2	341
2	340
2	328
2	318
2	301
2	299
2	297
2	268
2	253
2	182
2	1293
2	1278
2	1246
2	1056
1	980
1	816
1	759
1	650
1	642
1	605
1	520
1	501
1	499
1	488
1	424
1	416
1	387
1	374
1	361
1	335
1	275
1	239
1	227
1	213
1	209
1	193
1	1353
1	1264
1	1040
